   227.116931977767990
   149.792883022657065
   169.706619739065644
  -152.533717380048500
    24.184312169369797
   113.658599296485889
  -155.503480411005228
    89.095781846662717
  -157.986827868441878
    34.740041631198039
  -114.447180309509250
   -93.814844290704031
    79.874662556804765
   -56.520994197636256
    57.356439136020413
   -99.629347127034663
   -56.732082275581334
   -48.126293579951280
   -50.666004309580515
   105.753782746564866
   161.418644341235847
   292.276389564334920
   151.311821834430930
  -305.009340105918454
  -170.912295904383427
   212.136054624607880
   -63.706430763575625
    90.001565534139900
   105.767846531060997
    67.388652094221314
   180.281513962737733
   241.231031674501054
   -13.028625915968483
   -24.763437849417247
    77.361317991003148
    62.216201343298813
    94.588468388496921
   142.910709115388784
  -116.835852219701223
    33.747376245324219
   -53.240867541024542
   -49.696736338953230
  -306.773959990067226
    46.893516915987163
  -363.212536892719868
  -377.390058785219082
   -22.005733543433951
   100.081840172979128
  -192.250613345303435
   270.380052434408753
   -51.740004998452541
  -197.333989620313787
   101.225335130213608
    13.937187500966365
    30.411549249529902
   274.711268536608259
    77.362294633161682
   115.179498238850172
    64.772037777833077
  -132.100173788718109
    37.818812594149328
   -59.262974552239761
    16.814697944206205
   -11.961836199837773
    32.492330442448093
    51.708815796199730
    45.765417271734158
   288.592591235840871
  -147.883994778926507
  -220.930976743311504
  -240.467443049280917
   -63.771098810317369
   184.354482914455190
  -171.336508973831855
    73.395996988288232
    -9.328495850830999
   -38.786760812361400
    13.804951158213500
    53.764287736560135
  -208.969177648730351
  -113.718464136550992
  -167.323646633590897
   199.903561940212398
   -86.872973069857338
   -73.391110130320484
    12.746595735787469
    10.235722265826858
   127.502622770779780
   207.051712117326588
    17.682869599799730
   -11.266381994446654
  -368.497402363132494
   102.733280114182236
    11.042423408065538
   -60.037926328868380
   273.623034943527557
   181.432585529030462
    20.971403654075811
   154.575851299545207
   -36.343968204100399
